200710
231430
264200
10
296970
219150
249870
426000
311310
20500
235540
319510
20
210970
323610
397340
20510
32800
270370
348200
45100
311340
389170
2100
391220
432180
108600
417860
70
22600
204880
235600
299090
34900
249950
98400
344160
102500
360550
247910
209000
333930
303210
268400
270450
362620
272510
333950
497790
405640
319630
462990
352400
383120
227480
333980
24740
393380
108710
209060
428200
465060
381100
78000
282800
327860
340150
411830
209080
239800
497850
303290
366780
266430
94400
250050
221380
417990
239820
352460
303310
110800
39120
327890
12500
268500
270550
434390
16600
202970
387290
220
471260
63710
39140
24810
39150
223470
240
8190
233720
338170
243970
10500
225540
311560
65800
241930
262410
387340
209160
266510
282900
344340
467220
350490
207140
39210
300
205100
362810
49470
225600
35140
250180
377160
213330
41300
424280
57690
313690
299360
475490
221540
346470
358760
502120
248170
268650
289130
237930
49520
70000
391540
473460
380
113020
207230
24960
242050
203140
205190
328070
311690
362890
293260
65930
418190
434570
400
4500
24980
334230
203160
20900
420
237990
252330
215470
334260
10680
20920
238010
65980
244160
315840
389570
49600
104900
211400
221640
33230
268750
250320
4560
301520
305620
274900
211420
223710
4580
352740
307690
215530
98800
221680
244210
500
207350
219640
250360
274940
233980
64000
264710
326150
223750
238090
442890
299540
332310
203290
270880
250400
418340
367140
348710
550
2600
391720
301610
57900
211500
113200
31280
391730
492080
252470
344630
236090
322110
324160
307780
248390
301640
252490
236110
369230
223830
512600
268890
4700
107100
201310
8800
234080
227940
463460
465510
213610
316010
620
35450
322170
45700
262790
406150
369290
320140
246420
330390
4760
250520
232090
291480
234140
287390
8870
213670
453290
434860
262830
47790
219830
230070
344760
377530
107200
45760
47810
344770
447170
238280
410320
221910
273110
287450
730
291550
496350
447200
8930
244450
41700
410340
449250
250600
385770
375530
254700
238320
4850
209650
365300
219890
113400
207610
248570
15100
250620
47870
70400
2820
209670
326410
307980
23310
47890
8980
459540
322330
344860
437020
248610
365350
437030
265000
365360
246580
4920
15160
336700
291650
314180
379720
416590
326480
428880
236370
228180
230230
435030
219990
301910
213850
486230
246620
238430
306020
236390
494440
211820
263020
355180
349040
314230
39800
238460
383870
293760
494470
250760
35720
365450
367500
236430
359310
463760
107410
230290
17300
263060
387990
234390
301970
359320
13210
269210
236450
261030
246700
2990
304050
277430
228280
279480
367550
322500
252870
273350
228300
209870
486350
242640
287700
15320
357340
330720
23530
105450
383980
445420
17390
232430
388080
9200
248820
259060
353270
443380
283640
242680
203770
496630
332800
17410
334850
224260
377860
341000
230410
242700
449550
218130
250900
406550
252950
365590
248860
228380
343070
7200
109600
242720
349220
220200
285740
459820
298030
97330
17460
261180
48190
201790
408640
318530
394310
322630
242760
37960
330830
220240
201810
205910
216150
418910
453730
220260
365670
212070
253030
337000
33900
310380
463980
263280
304240
345200
218230
240760
394360
50300
359550
105600
515200
263300
244870
431240
349320
33930
234650
269470
435360
17570
40100
242860
234670
392370
251060
408760
21690
433340
212160
242880
244930
216260
308420
25800
9420
224460
285900
464080
312530
294100
488660
234710
247000
249050
208090
285920
224480
1250
271590
242920
9450
287980
247020
34030
427250
466170
204030
15620
345350
427270
208140
251150
394510
21780
220440
304410
345370
224540
38170
310560
290080
251170
374050
449830
247080
218410
249130
25900
236850
25910
386360
447800
226620
44350
253250
204100
521540
236870
208200
265550
339280
460120
224600
327000
261470
496990
322920
206190
363890
460150
286080
206210
281990
335240
365960
265610
275850
286100
214420
3480
228760
251290
402840
265630
443810
337320
329130
312750
302510
273840
386480
245170
466350
239030
202170
359870
261570
394690
335300
363970
339400
269770
24010
363980
232910
396750
286160
91600
73170
204240
351700
470480
282070
214490
351710
413150
239070
464350
347620
257510
200170
376300
7670
224760
218620
212480
284160
427520
355840
349700
3590
300550
261640
304650
345610
204300
400910
239120
200210
212500
296470
454170
220700
497180
222750
282140
214560
239140
296490
226860
374320
91700
224820
237110
218680
239160
48700
99900
278080
341570
200260
261700
99910
204360
409160
263760
22100
206420
312920
259680
444000
353890
368230
370280
206440
298600
241260
32370
257650
208500
280180
296570
298630
3720
366220
458380
239250
46740
7830
280220
423580
222880
204450
206500
372390
233130
71340
9900
24240
32440
380600
444090
233150
257730
32450
208580
212680
265930
450250
42700
257750
288470
222940
255710
245470
351970
413410
421610
331500
413420
302830
444140
464620
204530
214770
327410
239350
3830
415480
274170
40700
411390
208650
274190
243470
253710
319250
407320
227100
464670
313120
304930
397090
323370
263980
407340
245550
22320
304950
335670
22330
257850
55100
200510
497470
270150
282440
313160
364360
331600
210770
204630
12120
339800
278360
452440
40800
22370
96100
10090
409450
22380
227180
55150
221040
438130
245620
386940
350080
391040
321410
270210
6020
241540
364420
274310
454530
413580
323470
63380
432020
331670
454550
98200
241560
346010
51100
42910
4000
251810
214950
12200
311210
6060
262060
221100
317360
247730
55230
241600
10180
235460
294860
427980
290770
317400
485340
286690
227300
233450
325610
225260
362490
313340
346110
